artista	danceability	duration	enery	key	liveness	loudness	mode	speechiness	tempo	time_signature	genre
s	c	c	c	d	c	c	d	c	c	d	s
											class
Underworld	0.680796	453.98621	0.818096	9	0.063026	-9.814	1	0.044764	120.033	4	electronic	
Paul Hartnoll	0.60536	297.10667	0.54302	2	0.211401	-8.437	0	0.02877	115.009	3	electronic	
Mercyful Fate	0.461634	208.06667	0.935514	6	0.502193	-6.357	0	0.041262	133.982	4	metal	
Rob Dougan	0.300395	229.18667	0.230641	9	0.132171	-13.007	1	0.029605	93.96	4	electronic	
Miles Davis	0.446869	335.64	0.135272	2	0.107606	-12.09	0	0.033842	114.749	4	jazz	
John Scofield	0.625888	327.86667	0.570396	11	0.101827	-11.829	1	0.079706	102.518	4	jazz	
Leatherwolf	0.505165	244.26349	0.982484	1	0.985653	-3.071	1	0.078901	99.046	4	metal	
Megadeth	0.32486	392.6	0.985352	11	0.351254	-3.941	1	0.150789	125.307	4	metal	
Run-D.M.C.	0.852058	250.62667	0.873902	7	0.132622	-11.208	1	0.042706	129.029	4	rap	
Chick Corea	0.403207	419.68	0.278415	4	0.10264	-14.482	0	0.044482	87.111	4	jazz	
Prince Paul	0.685593	210.86667	0.367489	10	0.302204	-17.947	0	0.236308	80.058	4	rap	
N.W.A	0.895367	336.64	0.847515	6	0.334986	-2.611	0	0.266762	98.097	4	rap	
Ice-T	0.939592	335.13333	0.607417	6	0.256901	-9.342	0	0.10572	108.119	4	rap	
Groove Armada	0.697789	393.36	0.503897	8	0.190983	-8.496	1	0.027585	136.016	4	electronic	
King Diamond	0.516099	280.62667	0.944277	7	0.342251	-6.061	1	0.041574	136.75	4	metal	
Basement Jaxx	0.75314	263.05333	0.788954	8	0.32458	-7.469	0	0.027401	126.008	4	electronic	
Charles Lloyd	0.450102	268.21333	0.534464	5	0.120339	-11.69	1	0.062541	135.631	4	jazz	
Slayer	0.314869	285.35973	0.98535	5	0.101575	-3.319	0	0.238459	138.84	4	metal	
The Notorious B.I.G.	0.846831	320.6	0.624966	7	0.63245	-7.198	1	0.143131	91.68	4	rap	
Dizzy Gillespie Jam	0.570936	860.46667	0.352356	5	0.879807	-18.866	1	0.07159	78.783	4	jazz	
Sticky Fingaz	0.577401	258.58667	0.651504	4	0.526019	-5.622	0	0.394771	81.009	1	rap	
Nas	0.783142	268.66667	0.608277	0	0.102011	-5.742	0	0.361355	91.672	4	rap	
Boogie Down Productions	0.792709	396.65333	0.487444	9	0.111241	-10.994	1	0.416732	189.995	4	rap	
Grandmaster Flash	0.936328	310.66667	0.657512	10	0.081532	-13.314	0	0.217631	104.253	4	rap	
Sentenced	0.490744	355.86667	0.870524	0	0.07305	-4.553	0	0.047906	129.878	4	metal	
Annihilator	0.542359	315.54667	0.97635	7	0.357811	-6.037	1	0.090252	135.019	4	metal	
Death in Vegas	0.453973	177.84	0.842894	9	0.332589	-4.078	1	0.037104	133.264	4	electronic	
McCoy Tyner	0.399825	411.46667	0.819908	0	0.383811	-10.532	0	0.035259	111.105	4	jazz	
Art Farmer	0.538244	256.66667	0.342588	0	0.103876	-13.157	1	0.04369	125.343	4	jazz	
Hank Mobley	0.528973	533.21333	0.417972	10	0.222968	-11.66	1	0.052745	148.986	4	jazz	
Iced Earth	0.54081	755.53333	0.825433	8	0.081981	-10.273	0	0.062959	127.949	4	metal	
Mint Royale	0.505163	124.58667	0.919934	0	0.14777	-6.301	1	0.045578	130.996	4	electronic	
Junkie XL	0.595609	327.17333	0.978493	7	0.075775	-5.169	1	0.120004	135.851	4	electronic	
Method Man	0.700477	309.72789	0.700442	1	0.32363	-7.666	0	0.079766	95.018	4	rap	
Cannonball Adderley	0.547859	423.53052	0.166206	5	0.129001	-14.688	0	0.050207	88.7	4	jazz	
John Coltrane	0.508719	349.44104	0.339182	1	0.121514	-15.712	1	0.056821	111.386	4	jazz	
Racer X	0.431841	175.0	0.900977	2	0.991118	-6.969	1	0.121735	73.719	4	metal	
Celtic Frost	0.176388	288.93333	0.929432	2	0.311617	-7.291	1	0.061346	154.997	4	metal	
Rakim	0.779133	250.90667	0.795262	6	0.092118	-7.51	0	0.265622	93.942	4	rap	
Iron Maiden	0.301021	436.96	0.812556	2	0.197329	-8.786	0	0.056779	109.25	4	metal	
Riot	0.228963	151.4	0.960264	9	0.081116	-8.456	1	0.074293	122.425	4	metal	
Nevermore	0.512816	355.82667	0.839453	8	0.083758	-4.99	1	0.034299	128.058	4	metal	
Four Tet	0.67565	348.40381	0.569148	6	0.114858	-12.266	0	0.050214	125.01	4	electronic	
Lennie Tristano	0.558097	293.73333	0.283095	10	0.132154	-16.346	1	0.07988	131.906	4	jazz	
2Pac	0.798308	313.56	0.639276	10	0.336777	-6.731	0	0.227979	82.093	4	rap	
Maxim	0.438125	213.6	0.915327	5	0.12353	-3.619	0	0.055798	171.554	4	electronic	
Testament	0.295289	225.25333	0.989745	6	0.8269	-7.437	0	0.079963	110.676	4	metal	
Moby	0.40979	361.88154	0.527438	2	0.154679	-9.349	1	0.028372	91.983	4	electronic	
Amon Amarth	0.4252	259.58667	0.990767	1	0.150519	-5.38	0	0.080281	96.106	4	metal	
The Chemical Brothers	0.760359	260.78667	0.798753	11	0.422226	-7.664	0	0.048215	119.969	4	electronic	
Fat Joe	0.90706	301.17333	0.762369	2	0.727332	-5.275	1	0.380144	94.875	4	rap	
Plump DJs	0.744944	495.48	0.997539	7	0.08836	-5.817	1	0.090485	132.052	4	electronic	
Gil Evans	0.254569	312.81333	0.013107	10	0.095524	-25.413	1	0.03801	71.191	3	jazz	
Coleman Hawkins	0.490056	162.26104	0.543955	1	0.090112	-5.808	1	0.055188	102.336	3	jazz	
Lemon Jelly	0.56167	403.49283	0.788077	5	0.507584	-6.988	1	0.05754	185.982	4	electronic	
Mobb Deep	0.790136	265.49333	0.728218	2	0.112141	-9.221	1	0.390843	96.978	4	rap	
Propellerheads	0.715421	441.42667	0.844609	6	0.148858	-6.924	1	0.062489	119.884	4	electronic	
LL Cool J	0.728852	323.02667	0.302975	0	0.085059	-19.397	1	0.373114	176.517	4	rap	
Herbie Hancock	0.877734	325.13333	0.950702	7	0.061391	-5.077	1	0.068968	111.334	4	jazz	
Wayne Shorter	0.502366	379.97333	0.585991	9	0.182153	-10.149	1	0.037083	154.303	4	jazz	
